function F = OO(x)
S12 = [1.0 8.0; 0.0 1.0];
S23 = [1.0 3.0; 0.0 1.0];
S34 = [1.0 8.0; 0.0 1.0];
M1 = [1.0 0.0; -0.25586592178771 1.0];
M2 = [1.0 0.0; -1/x(1) 1.0];
M3 = [1.0 0.0; -1/x(2) 1.0];
M4 = [1.0 0.0; -0.2 1.0];

II = [1.0 0.0; 0.0 1.0];
OO = II - M4*S34*M3*S23*M2*S12*M1;

% F(1) = OO(1,1)
% F(2) = OO(1,2)
% F(3) = OO(2,1)
F(4) = OO(2,2)

% 1 and 3
% 1 and 4
% 3 and 4